list(NCSDUID=5.27000E+02, SCSDUID=c(1.00000E+00, 2.00000E+00, 3.00000E+00, 4.00000E+00, 5.00000E+00, 6.00000E+00, 7.00000E+00, 8.00000E+00, 9.00000E+00, 1.00000E+01, 1.10000E+01, 1.20000E+01, 1.30000E+01, 1.40000E+01, 1.50000E+01, 1.60000E+01, 1.70000E+01, 1.80000E+01, 1.90000E+01, 2.00000E+01, 2.10000E+01, 2.20000E+01, 2.30000E+01, 2.40000E+01, 2.50000E+01, 2.60000E+01, 2.70000E+01, 2.80000E+01, 2.90000E+01, 3.00000E+01, 3.10000E+01, 3.20000E+01, 3.30000E+01, 3.40000E+01, 3.50000E+01, 3.60000E+01, 3.70000E+01, 3.80000E+01, 3.90000E+01, 4.00000E+01, 4.10000E+01, 4.20000E+01, 4.30000E+01, 4.40000E+01, 4.50000E+01, 4.60000E+01, 4.70000E+01, 4.80000E+01, 4.90000E+01, 5.00000E+01, 5.10000E+01, 5.20000E+01, 5.30000E+01, 5.40000E+01, 5.50000E+01, 5.60000E+01, 5.70000E+01, 5.80000E+01, 5.90000E+01, 6.00000E+01, 6.10000E+01, 6.20000E+01, 6.30000E+01, 6.40000E+01, 6.50000E+01, 6.60000E+01, 6.70000E+01, 6.80000E+01, 6.90000E+01, 7.00000E+01, 7.10000E+01, 7.20000E+01, 7.30000E+01, 7.40000E+01, 7.50000E+01, 7.60000E+01, 7.70000E+01, 7.80000E+01, 7.90000E+01, 8.00000E+01, 8.10000E+01, 8.20000E+01, 8.30000E+01, 8.40000E+01, 8.50000E+01, 8.60000E+01, 8.70000E+01, 8.80000E+01, 8.90000E+01, 9.00000E+01, 9.10000E+01, 9.20000E+01, 9.30000E+01, 9.40000E+01, 9.50000E+01, 9.60000E+01, 9.70000E+01, 9.80000E+01, 9.90000E+01, 1.00000E+02, 1.01000E+02, 1.02000E+02, 1.03000E+02, 1.04000E+02, 1.05000E+02, 1.06000E+02, 1.07000E+02, 1.08000E+02, 1.09000E+02, 1.10000E+02, 1.11000E+02, 1.12000E+02, 1.13000E+02, 1.14000E+02, 1.15000E+02, 1.16000E+02, 1.17000E+02, 1.18000E+02, 1.19000E+02, 1.20000E+02, 1.21000E+02, 1.22000E+02, 1.23000E+02, 1.24000E+02, 1.25000E+02, 1.26000E+02, 1.27000E+02, 1.28000E+02, 1.29000E+02, 1.30000E+02, 1.31000E+02, 1.32000E+02, 1.33000E+02, 1.34000E+02, 1.35000E+02, 1.36000E+02, 1.37000E+02, 1.38000E+02, 1.39000E+02, 1.40000E+02, 1.41000E+02, 1.42000E+02, 1.43000E+02, 1.44000E+02, 1.45000E+02, 1.46000E+02, 1.47000E+02, 1.48000E+02, 1.49000E+02, 1.50000E+02, 1.51000E+02, 1.52000E+02, 1.53000E+02, 1.54000E+02, 1.55000E+02, 1.56000E+02, 1.57000E+02, 1.58000E+02, 1.59000E+02, 1.60000E+02, 1.61000E+02, 1.62000E+02, 1.63000E+02, 1.64000E+02, 1.65000E+02, 1.66000E+02, 1.67000E+02, 1.68000E+02, 1.69000E+02, 1.70000E+02, 1.71000E+02, 1.72000E+02, 1.73000E+02, 1.74000E+02, 1.75000E+02, 1.76000E+02, 1.77000E+02, 1.78000E+02, 1.79000E+02, 1.80000E+02, 1.81000E+02, 1.82000E+02, 1.83000E+02, 1.84000E+02, 1.85000E+02, 1.86000E+02, 1.87000E+02, 1.88000E+02, 1.89000E+02, 1.90000E+02, 1.91000E+02, 1.92000E+02, 1.93000E+02, 1.94000E+02, 1.95000E+02, 1.96000E+02, 1.97000E+02, 1.98000E+02, 1.99000E+02, 2.00000E+02, 2.01000E+02, 2.02000E+02, 2.03000E+02, 2.04000E+02, 2.05000E+02, 2.06000E+02, 2.07000E+02, 2.08000E+02, 2.09000E+02, 2.10000E+02, 2.11000E+02, 2.12000E+02, 2.13000E+02, 2.14000E+02, 2.15000E+02, 2.16000E+02, 2.17000E+02, 2.18000E+02, 2.19000E+02, 2.20000E+02, 2.21000E+02, 2.22000E+02, 2.23000E+02, 2.24000E+02, 2.25000E+02, 2.26000E+02, 2.27000E+02, 2.28000E+02, 2.29000E+02, 2.30000E+02, 2.31000E+02, 2.32000E+02, 2.33000E+02, 2.34000E+02, 2.35000E+02, 2.36000E+02, 2.37000E+02, 2.38000E+02, 2.39000E+02, 2.40000E+02, 2.41000E+02, 2.42000E+02, 2.43000E+02, 2.44000E+02, 2.45000E+02, 2.46000E+02, 2.47000E+02, 2.48000E+02, 2.49000E+02, 2.50000E+02, 2.51000E+02, 2.52000E+02, 2.53000E+02, 2.54000E+02, 2.55000E+02, 2.56000E+02, 2.57000E+02, 2.58000E+02, 2.59000E+02, 2.60000E+02, 2.61000E+02, 2.62000E+02, 2.63000E+02, 2.64000E+02, 2.65000E+02, 2.66000E+02, 2.67000E+02, 2.68000E+02, 2.69000E+02, 2.70000E+02, 2.71000E+02, 2.72000E+02, 2.73000E+02, 2.74000E+02, 2.75000E+02, 2.76000E+02, 2.77000E+02, 2.78000E+02, 2.79000E+02, 2.80000E+02, 2.81000E+02, 2.82000E+02, 2.83000E+02, 2.84000E+02, 2.85000E+02, 2.86000E+02, 2.87000E+02, 2.88000E+02, 2.89000E+02, 2.90000E+02, 2.91000E+02, 2.92000E+02, 2.93000E+02, 2.94000E+02, 2.95000E+02, 2.96000E+02, 2.97000E+02, 2.98000E+02, 2.99000E+02, 3.00000E+02, 3.01000E+02, 3.02000E+02, 3.03000E+02, 3.04000E+02, 3.05000E+02, 3.06000E+02, 3.07000E+02, 3.08000E+02, 3.09000E+02, 3.10000E+02, 3.11000E+02, 3.12000E+02, 3.13000E+02, 3.14000E+02, 3.15000E+02, 3.16000E+02, 3.17000E+02, 3.18000E+02, 3.19000E+02, 3.20000E+02, 3.21000E+02, 3.22000E+02, 3.23000E+02, 3.24000E+02, 3.25000E+02, 3.26000E+02, 3.27000E+02, 3.28000E+02, 3.29000E+02, 3.30000E+02, 3.31000E+02, 3.32000E+02, 3.33000E+02, 3.34000E+02, 3.35000E+02, 3.36000E+02, 3.37000E+02, 3.38000E+02, 3.39000E+02, 3.40000E+02, 3.41000E+02, 3.42000E+02, 3.43000E+02, 3.44000E+02, 3.45000E+02, 3.46000E+02, 3.47000E+02, 3.48000E+02, 3.49000E+02, 3.50000E+02, 3.51000E+02, 3.52000E+02, 3.53000E+02, 3.54000E+02, 3.55000E+02, 3.56000E+02, 3.57000E+02, 3.58000E+02, 3.59000E+02, 3.60000E+02, 3.61000E+02, 3.62000E+02, 3.63000E+02, 3.64000E+02, 3.65000E+02, 3.66000E+02, 3.67000E+02, 3.68000E+02, 3.69000E+02, 3.70000E+02, 3.71000E+02, 3.72000E+02, 3.73000E+02, 3.74000E+02, 3.75000E+02, 3.76000E+02, 3.77000E+02, 3.78000E+02, 3.79000E+02, 3.80000E+02, 3.81000E+02, 3.82000E+02, 3.83000E+02, 3.84000E+02, 3.85000E+02, 3.86000E+02, 3.87000E+02, 3.88000E+02, 3.89000E+02, 3.90000E+02, 3.91000E+02, 3.92000E+02, 3.93000E+02, 3.94000E+02, 3.95000E+02, 3.96000E+02, 3.97000E+02, 3.98000E+02, 3.99000E+02, 4.00000E+02, 4.01000E+02, 4.02000E+02, 4.03000E+02, 4.04000E+02, 4.05000E+02, 4.06000E+02, 4.07000E+02, 4.08000E+02, 4.09000E+02, 4.10000E+02, 4.11000E+02, 4.12000E+02, 4.13000E+02, 4.14000E+02, 4.15000E+02, 4.16000E+02, 4.17000E+02, 4.18000E+02, 4.19000E+02, 4.20000E+02, 4.21000E+02, 4.22000E+02, 4.23000E+02, 4.24000E+02, 4.25000E+02, 4.26000E+02, 4.27000E+02, 4.28000E+02, 4.29000E+02, 4.30000E+02, 4.31000E+02, 4.32000E+02, 4.33000E+02, 4.34000E+02, 4.35000E+02, 4.36000E+02, 4.37000E+02, 4.38000E+02, 4.39000E+02, 4.40000E+02, 4.41000E+02, 4.42000E+02, 4.43000E+02, 4.44000E+02, 4.45000E+02, 4.46000E+02, 4.47000E+02, 4.48000E+02, 4.49000E+02, 4.50000E+02, 4.51000E+02, 4.52000E+02, 4.53000E+02, 4.54000E+02, 4.55000E+02, 4.56000E+02, 4.57000E+02, 4.58000E+02, 4.59000E+02, 4.60000E+02, 4.61000E+02, 4.62000E+02, 4.63000E+02, 4.64000E+02, 4.65000E+02, 4.66000E+02, 4.67000E+02, 4.68000E+02, 4.69000E+02, 4.70000E+02, 4.71000E+02, 4.72000E+02, 4.73000E+02, 4.74000E+02, 4.75000E+02, 4.76000E+02, 4.77000E+02, 4.78000E+02, 4.79000E+02, 4.80000E+02, 4.81000E+02, 4.82000E+02, 4.83000E+02, 4.84000E+02, 4.85000E+02, 4.86000E+02, 4.87000E+02, 4.88000E+02, 4.89000E+02, 4.90000E+02, 4.91000E+02, 4.92000E+02, 4.93000E+02, 4.94000E+02, 4.95000E+02, 4.96000E+02, 4.97000E+02, 4.98000E+02, 4.99000E+02, 5.00000E+02, 5.01000E+02, 5.02000E+02, 5.03000E+02, 5.04000E+02, 5.05000E+02, 5.06000E+02, 5.07000E+02, 5.08000E+02, 5.09000E+02, 5.10000E+02, 5.11000E+02, 5.12000E+02, 5.13000E+02, 5.14000E+02, 5.15000E+02, 5.16000E+02, 5.17000E+02, 5.18000E+02, 5.19000E+02, 5.20000E+02, 5.21000E+02, 5.22000E+02, 5.23000E+02, 5.24000E+02, 5.25000E+02, 5.26000E+02, 5.27000E+02, 5.28000E+02),